spawns:
  default:
    world: 18ab9cf8-7ba4-48c3-8034-2d78377cd07b
    world-name: world
    x: 0.5438198879315479
    y: 65.0
    z: 0.5477938307828315
    yaw: 268.6445007324219
    pitch: 1.9499168395996094
